x
0.0254679740226665
0.0578123010314529
0.0814975168725328
0.107220170635426
0.131160066216732
0.158283458550872
0.184770151534445
0.215841079842099
0.243983191137145
0.255698459187572
0.262065452693238
0.269323825289698
0.276582197886158
0.283458550872278
0.290462243728511
0.301413472558258
0.312237361517891
0.322679230867185
0.332866420476251
0.345473067617471
0.359862472940278
0.375779956704444
0.390551381637591
0.406468865401757
0.425060486438304
0.43983191137145
0.459187571628677
0.477906532535337
0.49713485292245
0.509232140583217
0.52273016681523
0.53380873551509
0.54641538265631
0.55864001018719
0.57239271615943
0.584744683560423
0.598497389532663
0.610722017063543
0.622691964854196
0.634279893034509
0.645867821214822
0.658601808226156
0.671590474977716
0.684324461989049
0.696549089519929
0.708519037310582
0.721253024321915
0.734241691073475
0.746975678084808
0.763529861199542
0.776391188080988
0.791926652234815
0.806443397427735
0.821342162230995
0.834967528333121
0.849738953266268
0.866802495861454
0.881319241054374
0.893925888195594
0.908315293518401
0.916974404686107
0.92665223481472
0.937221444034127
0.944734496370814
0.952756908187954
0.960142620654527
0.968165032471667
0.97287660766586
0.97784286260028
0.98242709792436
0.987138673118553
0.99006749013116
0.992486947663313
0.9942697058449
0.99541576467592
0.996816503247167
0.997962562078187
0.998726601298867
0.998981281039093
0.99961798038966
0.999745320259773
1
