#doneu m, a, b = 
#        x              poli            horner        diferencia
   7.500000e-01    6.103516e-05    6.103516e-05    0.000000e+00
   7.505000e-01    6.047729e-05    6.037951e-05    9.778523e-08
   7.510000e-01    5.899904e-05    5.924702e-05    2.479755e-07
   7.515000e-01    5.842452e-05    5.745888e-05    9.656433e-07
   7.520000e-01    5.758407e-05    5.704165e-05    5.424226e-07
   7.525000e-01    5.688494e-05    5.739927e-05    5.143338e-07
   7.530000e-01    5.642368e-05    5.614758e-05    2.761080e-07
   7.535000e-01    5.509104e-05    5.477667e-05    3.143687e-07
   7.540000e-01    5.472289e-05    5.382299e-05    8.998977e-07
   7.545000e-01    5.357135e-05    5.418062e-05    6.092705e-07
   7.550000e-01    5.286009e-05    5.358458e-05    7.244853e-07
   7.555000e-01    5.185260e-05    5.275011e-05    8.975148e-07
   7.560000e-01    5.182521e-05    5.072355e-05    1.101656e-06
   7.565000e-01    5.139199e-05    5.125999e-05    1.320004e-07
   7.570000e-01    4.971298e-05    5.090237e-05    1.189383e-06
   7.575000e-01    4.946609e-05    4.929304e-05    1.730477e-07
   7.580000e-01    4.835448e-05    4.851818e-05    1.637054e-07
   7.585000e-01    4.779406e-05    4.756451e-05    2.295492e-07
   7.590000e-01    4.691720e-05    4.744530e-05    5.280963e-07
   7.595000e-01    4.650961e-05    4.744530e-05    9.356881e-07
   7.600000e-01    4.594260e-05    4.512072e-05    8.218813e-07
   7.605000e-01    4.457010e-05    4.541874e-05    8.486350e-07
   7.610000e-01    4.489886e-05    4.518032e-05    2.814631e-07
   7.615000e-01    4.389729e-05    4.321337e-05    6.839218e-07
   7.620000e-01    4.332113e-05    4.357100e-05    2.498637e-07
   7.625000e-01    4.240908e-05    4.231930e-05    8.978532e-08
   7.630000e-01    4.195717e-05    4.214048e-05    1.833105e-07
   7.635000e-01    4.183772e-05    4.118681e-05    6.509144e-07
   7.640000e-01    4.105729e-05    4.017353e-05    8.837596e-07
   7.645000e-01    4.006179e-05    4.011393e-05    5.213224e-08
   7.650000e-01    3.949214e-05    3.981590e-05    3.237583e-07
   7.655000e-01    3.936616e-05    3.963709e-05    2.709312e-07
   7.660000e-01    3.853111e-05    3.850460e-05    2.650631e-08
   7.665000e-01    3.761439e-05    3.707409e-05    5.403053e-07
   7.670000e-01    3.774890e-05    3.725290e-05    4.959984e-07
   7.675000e-01    3.644784e-05    3.647804e-05    3.020250e-08
   7.680000e-01    3.675053e-05    3.612041e-05    6.301198e-07
   7.685000e-01    3.570442e-05    3.594160e-05    2.371853e-07
   7.690000e-01    3.475300e-05    3.510714e-05    3.541354e-07
   7.695000e-01    3.506053e-05    3.474951e-05    3.110181e-07
   7.700000e-01    3.412685e-05    3.415346e-05    2.660818e-08
   7.705000e-01    3.413847e-05    3.403425e-05    1.042172e-07
   7.710000e-01    3.274386e-05    3.284216e-05    9.829455e-08
   7.715000e-01    3.251026e-05    3.266335e-05    1.530898e-07
   7.720000e-01    3.155399e-05    3.206730e-05    5.133043e-07
   7.725000e-01    3.159180e-05    3.093481e-05    6.569862e-07
   7.730000e-01    3.073861e-05    3.093481e-05    1.962035e-07
   7.735000e-01    3.071251e-05    3.063679e-05    7.572089e-08
   7.740000e-01    2.964177e-05    3.015995e-05    5.181755e-07
   7.745000e-01    2.936449e-05    2.974272e-05    3.782297e-07
   7.750000e-01    3.002117e-05    2.872944e-05    1.291735e-06
   7.755000e-01    2.845659e-05    2.914667e-05    6.900846e-07
   7.760000e-01    2.828287e-05    2.861023e-05    3.273581e-07
   7.765000e-01    2.734680e-05    2.712011e-05    2.266916e-07
   7.770000e-01    2.706562e-05    2.753735e-05    4.717276e-07
   7.775000e-01    2.670406e-05    2.658367e-05    1.203844e-07
   7.780000e-01    2.684342e-05    2.712011e-05    2.766974e-07
   7.785000e-01    2.676125e-05    2.664328e-05    1.179706e-07
   7.790000e-01    2.601961e-05    2.485514e-05    1.164477e-06
   7.795000e-01    2.457175e-05    2.491474e-05    3.429886e-07
   7.800000e-01    2.490450e-05    2.509356e-05    1.890512e-07
   7.805000e-01    2.391488e-05    2.455711e-05    6.422342e-07
   7.810000e-01    2.340038e-05    2.372265e-05    3.222667e-07
   7.815000e-01    2.335690e-05    2.419949e-05    8.425905e-07
   7.820000e-01    2.282495e-05    2.348423e-05    6.592800e-07
   7.825000e-01    2.299211e-05    2.217293e-05    8.191819e-07
   7.830000e-01    2.220126e-05    2.241135e-05    2.100860e-07
   7.835000e-01    2.224737e-05    2.193451e-05    3.128589e-07
   7.840000e-01    2.152509e-05    2.235174e-05    8.266561e-07
   7.845000e-01    2.099339e-05    2.127886e-05    2.854667e-07
   7.850000e-01    2.139452e-05    2.062321e-05    7.713170e-07
   7.855000e-01    2.101349e-05    2.014637e-05    8.671213e-07
   7.860000e-01    2.047914e-05    2.074242e-05    2.632787e-07
   7.865000e-01    2.021627e-05    1.955032e-05    6.659429e-07
   7.870000e-01    2.012201e-05    2.026558e-05    1.435656e-07
   7.875000e-01    1.876478e-05    1.955032e-05    7.855397e-07
   7.880000e-01    1.887189e-05    1.895428e-05    8.238385e-08
   7.885000e-01    1.902683e-05    1.943111e-05    4.042849e-07
   7.890000e-01    1.798912e-05    1.823902e-05    2.499037e-07
   7.895000e-01    1.805106e-05    1.841784e-05    3.667737e-07
   7.900000e-01    1.741030e-05    1.758337e-05    1.730696e-07
   7.905000e-01    1.781246e-05    1.722574e-05    5.867187e-07
   7.910000e-01    1.624265e-05    1.722574e-05    9.830910e-07
   7.915000e-01    1.700734e-05    1.662970e-05    3.776440e-07
   7.920000e-01    1.658340e-05    1.746416e-05    8.807656e-07
   7.925000e-01    1.661242e-05    1.758337e-05    9.709511e-07
   7.930000e-01    1.659178e-05    1.633167e-05    2.601046e-07
   7.935000e-01    1.612517e-05    1.573563e-05    3.895420e-07
   7.940000e-01    1.636354e-05    1.674891e-05    3.853620e-07
   7.945000e-01    1.546427e-05    1.519918e-05    2.650868e-07
   7.950000e-01    1.483165e-05    1.513958e-05    3.079340e-07
   7.955000e-01    1.471018e-05    1.442432e-05    2.858533e-07
   7.960000e-01    1.483359e-05    1.519918e-05    3.655932e-07
   7.965000e-01    1.456654e-05    1.448393e-05    8.261122e-08
   7.970000e-01    1.407991e-05    1.424551e-05    1.655962e-07
   7.975000e-01    1.469938e-05    1.317263e-05    1.526756e-06
   7.980000e-01    1.361859e-05    1.448393e-05    8.653433e-07
   7.985000e-01    1.290658e-05    1.275539e-05    1.511899e-07
   7.990000e-01    1.343492e-05    1.364946e-05    2.145453e-07
   7.995000e-01    1.311140e-05    1.311302e-05    1.622539e-09
   8.000000e-01    1.243795e-05    1.293421e-05    4.962612e-07
   8.005000e-01    1.327619e-05    1.245737e-05    8.188226e-07
   8.010000e-01    1.277361e-05    1.156330e-05    1.210306e-06
   8.015000e-01    1.207185e-05    1.144409e-05    6.277614e-07
   8.020000e-01    1.226951e-05    1.215935e-05    1.101653e-07
   8.025000e-01    1.188240e-05    1.204014e-05    1.577346e-07
   8.030000e-01    1.176287e-05    1.126528e-05    4.975946e-07
   8.035000e-01    1.172142e-05    1.114607e-05    5.753518e-07
   8.040000e-01    1.099429e-05    1.108646e-05    9.217183e-08
   8.045000e-01    1.124827e-05    1.108646e-05    1.618091e-07
   8.050000e-01    1.007099e-05    9.894371e-06    1.766230e-07
   8.055000e-01    1.021655e-05    1.060963e-05    3.930791e-07
   8.060000e-01    1.040248e-05    1.060963e-05    2.071492e-07
   8.065000e-01    9.420789e-06    1.013279e-05    7.120007e-07
   8.070000e-01    1.009730e-05    1.019239e-05    9.509313e-08
   8.075000e-01    9.106293e-06    9.715557e-06    6.092641e-07
   8.080000e-01    1.012771e-05    9.655952e-06    4.717576e-07
   8.085000e-01    8.900873e-06    1.001358e-05    1.112708e-06
   8.090000e-01    9.235054e-06    9.953976e-06    7.189219e-07
   8.095000e-01    8.476604e-06    9.596348e-06    1.119744e-06
   8.100000e-01    8.525662e-06    9.834766e-06    1.309104e-06
   8.105000e-01    9.502810e-06    8.583069e-06    9.197411e-07
   8.110000e-01    8.341499e-06    8.165836e-06    1.756625e-07
   8.115000e-01    8.712402e-06    8.821487e-06    1.090857e-07
   8.120000e-01    7.966095e-06    8.761883e-06    7.957879e-07
   8.125000e-01    8.147210e-06    8.225441e-06    7.823110e-08
   8.130000e-01    8.424700e-06    7.629395e-06    7.953058e-07
   8.135000e-01    7.701043e-06    7.510185e-06    1.908575e-07
   8.140000e-01    8.271445e-06    7.271767e-06    9.996784e-07
   8.145000e-01    7.356664e-06    6.735325e-06    6.213390e-07
   8.150000e-01    7.712000e-06    8.046627e-06    3.346267e-07
   8.155000e-01    7.674019e-06    7.748604e-06    7.458493e-08
   8.160000e-01    6.504933e-06    7.867813e-06    1.362881e-06
   8.165000e-01    7.225476e-06    7.152557e-06    7.291828e-08
   8.170000e-01    6.027710e-06    7.152557e-06    1.124848e-06
   8.175000e-01    7.390532e-06    5.662441e-06    1.728091e-06
   8.180000e-01    6.627966e-06    7.569790e-06    9.418241e-07
   8.185000e-01    6.719623e-06    5.602837e-06    1.116787e-06
   8.190000e-01    6.583720e-06    5.900860e-06    6.828604e-07
   8.195000e-01    5.692706e-06    6.556511e-06    8.638049e-07
   8.200000e-01    6.396770e-06    6.437302e-06    4.053163e-08
   8.205000e-01    6.776809e-06    5.841255e-06    9.355540e-07
   8.210000e-01    6.195921e-06    6.020069e-06    1.758522e-07
   8.215000e-01    5.147075e-06    5.722046e-06    5.749707e-07
   8.220000e-01    5.831797e-06    6.556511e-06    7.247136e-07
   8.225000e-01    5.595680e-06    5.066395e-06    5.292850e-07
   8.230000e-01    5.867567e-06    5.781651e-06    8.591633e-08
   8.235000e-01    5.642565e-06    5.364418e-06    2.781471e-07
   8.240000e-01    4.946864e-06    5.245209e-06    2.983452e-07
   8.245000e-01    5.268932e-06    5.066395e-06    2.025376e-07
   8.250000e-01    5.387102e-06    5.304813e-06    8.228881e-08
   8.255000e-01    5.622644e-06    5.424023e-06    1.986218e-07
   8.260000e-01    5.630925e-06    4.708767e-06    9.221581e-07
   8.265000e-01    5.254403e-06    4.708767e-06    5.456359e-07
   8.270000e-01    5.089712e-06    4.649162e-06    4.405492e-07
   8.275000e-01    4.453886e-06    5.424023e-06    9.701366e-07
   8.280000e-01    4.169877e-06    5.245209e-06    1.075332e-06
   8.285000e-01    4.478047e-06    4.172325e-06    3.057216e-07
   8.290000e-01    4.547793e-06    3.576279e-06    9.715145e-07
   8.295000e-01    3.977160e-06    3.993511e-06    1.635135e-08
   8.300000e-01    4.217172e-06    3.635883e-06    5.812885e-07
   8.305000e-01    3.939977e-06    3.933907e-06    6.070877e-09
   8.310000e-01    3.793849e-06    3.457069e-06    3.367797e-07
   8.315000e-01    3.968818e-06    3.635883e-06    3.329346e-07
   8.320000e-01    4.052811e-06    4.112720e-06    5.990933e-08
   8.325000e-01    3.993343e-06    2.980232e-06    1.013111e-06
   8.330000e-01    3.887963e-06    2.563000e-06    1.324964e-06
   8.335000e-01    4.100859e-06    3.218651e-06    8.822080e-07
   8.340000e-01    3.806101e-06    4.291534e-06    4.854335e-07
   8.345000e-01    3.634577e-06    3.635883e-06    1.306262e-09
   8.350000e-01    3.288640e-06    4.112720e-06    8.240806e-07
   8.355000e-01    3.605708e-06    3.695488e-06    8.977986e-08
   8.360000e-01    3.551622e-06    3.159046e-06    3.925757e-07
   8.365000e-01    2.988298e-06    3.039837e-06    5.153879e-08
   8.370000e-01    3.018227e-06    2.741814e-06    2.764134e-07
   8.375000e-01    3.587123e-06    2.443790e-06    1.143333e-06
   8.380000e-01    2.934339e-06    3.218651e-06    2.843121e-07
   8.385000e-01    2.144076e-06    2.682209e-06    5.381328e-07
   8.390000e-01    3.464867e-06    3.695488e-06    2.306206e-07
   8.395000e-01    2.987101e-06    2.980232e-06    6.868959e-09
   8.400000e-01    3.018332e-06    2.563000e-06    4.553319e-07
   8.405000e-01    2.679322e-06    1.728535e-06    9.507874e-07
   8.410000e-01    1.901736e-06    2.741814e-06    8.400777e-07
   8.415000e-01    1.801644e-06    2.920628e-06    1.118984e-06
   8.420000e-01    3.262217e-06    2.145767e-06    1.116450e-06
   8.425000e-01    2.901424e-06    1.728535e-06    1.172890e-06
   8.430000e-01    2.762549e-06    2.741814e-06    2.073489e-08
   8.435000e-01    1.818736e-06    2.443790e-06    6.250546e-07
   8.440000e-01    1.518825e-06    2.145767e-06    6.269421e-07
   8.445000e-01    2.591506e-06    1.668930e-06    9.225764e-07
   8.450000e-01    2.282893e-06    2.264977e-06    1.791636e-08
   8.455000e-01    1.804925e-06    1.609325e-06    1.955997e-07
   8.460000e-01    2.121391e-06    2.026558e-06    9.483324e-08
   8.465000e-01    2.659989e-06    1.609325e-06    1.050663e-06
   8.470000e-01    2.683543e-06    1.370907e-06    1.312637e-06
   8.475000e-01    2.003701e-06    1.847744e-06    1.559574e-07
   8.480000e-01    1.894573e-06    1.847744e-06    4.682931e-08
   8.485000e-01    1.675220e-06    1.728535e-06    5.331481e-08
   8.490000e-01    1.434287e-06    1.549721e-06    1.154340e-07
   8.495000e-01    2.336316e-06    2.741814e-06    4.054978e-07
   8.500000e-01    1.394107e-06    2.682209e-06    1.288102e-06
   8.505000e-01    1.285085e-06    1.311302e-06    2.621744e-08
   8.510000e-01    8.159882e-07    1.370907e-06    5.549186e-07
   8.515000e-01    1.531132e-06    2.145767e-06    6.146348e-07
   8.520000e-01    2.443838e-06    1.251698e-06    1.192140e-06
   8.525000e-01    1.791150e-06    9.536743e-07    8.374753e-07
   8.530000e-01    7.730417e-07    9.536743e-07    1.806326e-07
   8.535000e-01    1.111115e-06    1.668930e-06    5.578147e-07
   8.540000e-01    6.696760e-07    1.430511e-06    7.608355e-07
   8.545000e-01    1.018984e-06    1.072884e-06    5.389950e-08
   8.550000e-01    1.203660e-06    5.364418e-07    6.672183e-07
   8.555000e-01    2.207723e-06    1.192093e-06    1.015630e-06
   8.560000e-01    1.276578e-06    7.748604e-07    5.017174e-07
   8.565000e-01    8.539186e-07    1.907349e-06    1.053430e-06
   8.570000e-01    1.120732e-06    1.311302e-06    1.905701e-07
   8.575000e-01    8.089880e-07    5.364418e-07    2.725462e-07
   8.580000e-01    1.576788e-06    1.728535e-06    1.517467e-07
   8.585000e-01    4.549857e-07    2.384186e-07    2.165671e-07
   8.590000e-01    9.926770e-07    2.384186e-07    7.542584e-07
   8.595000e-01    3.933649e-07    5.960464e-07    2.026815e-07
   8.600000e-01    1.376544e-06    7.152557e-07    6.612887e-07
   8.605000e-01    5.693960e-07    8.344650e-07    2.650690e-07
   8.610000e-01    1.016821e-06    1.907349e-06    8.905272e-07
   8.615000e-01    3.102085e-07    1.609325e-06    1.299117e-06
   8.620000e-01    9.639632e-08    1.609325e-06    1.512929e-06
   8.625000e-01    1.062249e-06    6.556511e-07    4.065980e-07
   8.630000e-01    8.008283e-07    7.152557e-07    8.557254e-08
   8.635000e-01    1.437504e-06    1.132488e-06    3.050156e-07
   8.640000e-01    5.262110e-07    1.728535e-06    1.202324e-06
   8.645000e-01    3.956222e-07    1.013279e-06    6.176568e-07
   8.650000e-01    9.813833e-07    1.311302e-06    3.299189e-07
   8.655000e-01    1.008433e-06    2.324581e-06    1.316148e-06
   8.660000e-01    6.781480e-07    1.490116e-06    8.119681e-07
   8.665000e-01    1.402251e-06    1.311302e-06    9.094879e-08
   8.670000e-01    9.887868e-07    1.013279e-06    2.449212e-08
   8.675000e-01   -3.348247e-07    9.536743e-07    1.288499e-06
   8.680000e-01    2.753736e-07    6.556511e-07    3.802775e-07
   8.685000e-01    6.291718e-07    1.966953e-06    1.337781e-06
   8.690000e-01   -2.418957e-07    1.013279e-06    1.255175e-06
   8.695000e-01    6.285625e-07    7.152557e-07    8.669321e-08
   8.700000e-01    6.602090e-07   -2.384186e-07    8.986275e-07
   8.705000e-01    1.001176e-06    7.748604e-07    2.263151e-07
   8.710000e-01   -3.569910e-07    1.251698e-06    1.608689e-06
   8.715000e-01    4.388264e-07    1.072884e-06    6.340572e-07
   8.720000e-01    6.390394e-07    3.576279e-07    2.814115e-07
   8.725000e-01    2.794848e-07    1.072884e-06    7.933988e-07
   8.730000e-01    9.284774e-07   -4.768372e-07    1.405315e-06
   8.735000e-01    4.017365e-07    8.344650e-07    4.327286e-07
   8.740000e-01    2.213127e-07    5.960464e-07    3.747337e-07
   8.745000e-01    4.969986e-07    1.013279e-06    5.162804e-07
   8.750000e-01    4.768372e-07    4.768372e-07    0.000000e+00
   8.755000e-01    6.954676e-07   -2.384186e-07    9.338862e-07
   8.760000e-01    2.311337e-07    4.768372e-07    2.457035e-07
   8.765000e-01    8.675298e-07    1.430511e-06    5.629817e-07
   8.770000e-01   -4.312644e-08    1.788139e-07    2.219404e-07
   8.775000e-01   -2.131582e-07   -1.192093e-07    9.394887e-08
   8.780000e-01    2.330494e-07    7.152557e-07    4.822064e-07
   8.785000e-01    7.266455e-07    1.013279e-06    2.866335e-07
   8.790000e-01    4.817023e-09    5.960464e-07    5.912294e-07
   8.795000e-01    5.378249e-07    4.172325e-07    1.205924e-07
   8.800000e-01    8.975502e-08    1.192093e-07    2.945427e-08
   8.805000e-01    2.547691e-07    4.172325e-07    1.624634e-07
   8.810000e-01    1.671285e-07    5.960464e-08    1.075239e-07
   8.815000e-01   -2.301218e-08    0.000000e+00    2.301218e-08
   8.820000e-01    8.748018e-07    5.960464e-07    2.787554e-07
   8.825000e-01    7.104646e-07    1.192093e-07    5.912553e-07
   8.830000e-01    5.280924e-07    2.384186e-07    2.896738e-07
   8.835000e-01   -2.626415e-08   -2.384186e-07    2.121544e-07
   8.840000e-01    1.849433e-07    0.000000e+00    1.849433e-07
   8.845000e-01    8.368228e-07   -4.768372e-07    1.313660e-06
   8.850000e-01    1.011102e-06    9.536743e-07    5.742800e-08
   8.855000e-01   -6.576950e-09    9.536743e-07    9.602512e-07
   8.860000e-01    2.920288e-07    2.384186e-07    5.361025e-08
   8.865000e-01   -4.399255e-07    7.152557e-07    1.155181e-06
   8.870000e-01    4.466653e-07    4.768372e-07    3.017189e-08
   8.875000e-01    1.822362e-07   -3.576279e-07    5.398641e-07
   8.880000e-01    4.892023e-07   -5.960464e-07    1.085249e-06
   8.885000e-01    4.484221e-07    2.980232e-07    1.503989e-07
   8.890000e-01    6.171858e-07    5.960464e-08    5.575812e-07
   8.895000e-01    7.962602e-07   -3.576279e-07    1.153888e-06
   8.900000e-01   -3.731357e-07   -5.960464e-07    2.229108e-07
   8.905000e-01   -6.690622e-07    1.788139e-07    8.478761e-07
   8.910000e-01   -3.185838e-07    0.000000e+00    3.185838e-07
   8.915000e-01    5.136064e-07   -9.536743e-07    1.467281e-06
   8.920000e-01    2.304338e-07   -3.576279e-07    5.880617e-07
   8.925000e-01    3.353570e-07    4.172325e-07    8.187547e-08
   8.930000e-01    8.445089e-07   -1.549721e-06    2.394230e-06
   8.935000e-01   -3.166936e-07    1.788139e-07    4.955076e-07
   8.940000e-01    7.347501e-07    2.384186e-07    4.963315e-07
   8.945000e-01    2.134948e-08    1.192093e-07    9.785981e-08
   8.950000e-01   -5.605070e-07   -1.192093e-07    4.412977e-07
   8.955000e-01    1.047579e-06   -3.576279e-07    1.405206e-06
   8.960000e-01   -3.815533e-07    5.960464e-07    9.775998e-07
   8.965000e-01    8.950379e-07   -8.344650e-07    1.729503e-06
   8.970000e-01   -7.278849e-07    4.768372e-07    1.204722e-06
   8.975000e-01    2.832035e-07   -1.072884e-06    1.356087e-06
   8.980000e-01    1.067683e-07   -2.384186e-07    3.451869e-07
   8.985000e-01   -3.699963e-07    8.344650e-07    1.204461e-06
   8.990000e-01    6.748524e-07    0.000000e+00    6.748524e-07
   8.995000e-01    1.021911e-07    1.788139e-06    1.685948e-06
   9.000000e-01   -9.486315e-07    0.000000e+00    9.486315e-07
   9.005000e-01   -6.129688e-07   -3.576279e-07    2.553409e-07
   9.010000e-01    8.360942e-07   -1.192093e-07    9.553034e-07
   9.015000e-01   -4.180775e-07   -1.192093e-07    2.988683e-07
   9.020000e-01    5.840419e-07    9.536743e-07    3.696324e-07
   9.025000e-01    5.316360e-07    0.000000e+00    5.316360e-07
   9.030000e-01    5.573849e-07    6.556511e-07    9.826618e-08
   9.035000e-01    4.306108e-07   -3.576279e-07    7.882386e-07
   9.040000e-01    1.044748e-06    1.192093e-07    9.255383e-07
   9.045000e-01   -4.290853e-07   -4.768372e-07    4.775185e-08
   9.050000e-01   -9.287035e-08    4.768372e-07    5.697075e-07
   9.055000e-01    5.839220e-07    6.556511e-07    7.172906e-08
   9.060000e-01    1.133991e-07   -3.576279e-07    4.710270e-07
   9.065000e-01    1.697234e-07   -1.192093e-07    2.889327e-07
   9.070000e-01   -4.721407e-07    9.536743e-07    1.425815e-06
   9.075000e-01    6.974211e-08    1.192093e-07    4.946718e-08
   9.080000e-01   -9.092162e-07    1.192093e-06    2.101309e-06
   9.085000e-01    3.382091e-07    2.384186e-07    9.979053e-08
   9.090000e-01   -4.431409e-07    1.192093e-06    1.635234e-06
   9.095000e-01    8.392844e-07    1.132488e-06    2.932038e-07
   9.100000e-01   -8.339391e-07   -5.960464e-07    2.378926e-07
   9.105000e-01   -5.969600e-07   -1.668930e-06    1.071970e-06
   9.110000e-01    4.615049e-07    4.172325e-07    4.427235e-08
   9.115000e-01    4.154268e-07    9.536743e-07    5.382475e-07
   9.120000e-01   -9.859287e-08    7.748604e-07    8.734532e-07
   9.125000e-01   -2.573142e-08    1.609325e-06    1.635057e-06
   9.130000e-01    7.978832e-07   -8.344650e-07    1.632348e-06
   9.135000e-01   -9.544694e-08    3.576279e-07    4.530748e-07
   9.140000e-01   -4.565601e-07    8.344650e-07    1.291025e-06
   9.145000e-01    5.959436e-07   -5.960464e-07    1.191990e-06
   9.150000e-01   -3.642055e-07    1.013279e-06    1.377485e-06
   9.155000e-01    8.217680e-07    2.384186e-07    5.833494e-07
   9.160000e-01    5.076025e-07   -7.152557e-07    1.222858e-06
   9.165000e-01    9.891897e-08    1.013279e-06    9.143600e-07
   9.170000e-01    3.424186e-07    2.384186e-07    1.040000e-07
   9.175000e-01   -3.817237e-07    1.430511e-06    1.812235e-06
   9.180000e-01    1.018640e-06   -1.549721e-06    2.568361e-06
   9.185000e-01   -1.460409e-07   -5.960464e-07    4.500055e-07
   9.190000e-01    3.479734e-07   -7.152557e-07    1.063229e-06
   9.195000e-01    4.691679e-07    1.132488e-06    6.633203e-07
   9.200000e-01   -7.219473e-07   -4.768372e-07    2.451102e-07
   9.205000e-01   -6.086284e-07   -5.960464e-07    1.258195e-08
   9.210000e-01    3.166286e-08    0.000000e+00    3.166286e-08
   9.215000e-01    6.715966e-07   -7.152557e-07    1.386852e-06
   9.220000e-01   -1.645647e-07   -1.192093e-06    1.027528e-06
   9.225000e-01   -1.465323e-07    1.788139e-07    3.253462e-07
   9.230000e-01   -5.679807e-07   -3.576279e-07    2.103529e-07
   9.235000e-01    4.807235e-07   -1.192093e-07    5.999328e-07
   9.240000e-01   -1.411513e-06    4.172325e-07    1.828746e-06
   9.245000e-01    7.320250e-07    1.132488e-06    4.004633e-07
   9.250000e-01    4.711523e-07    1.013279e-06    5.421267e-07
   9.255000e-01   -1.059238e-07    1.788139e-07    2.847377e-07
   9.260000e-01   -5.765766e-07    0.000000e+00    5.765766e-07
   9.265000e-01   -1.144357e-07    2.980232e-07    4.124589e-07
   9.270000e-01    4.172329e-07    0.000000e+00    4.172329e-07
   9.275000e-01   -1.256504e-07    1.013279e-06    1.138929e-06
   9.280000e-01   -9.961759e-08   -1.311302e-06    1.211685e-06
   9.285000e-01    3.387209e-09    5.960464e-08    5.621743e-08
   9.290000e-01   -5.241815e-07    1.788139e-07    7.029955e-07
   9.295000e-01   -2.270329e-09    1.192093e-07    1.214796e-07
   9.300000e-01   -4.778530e-07   -8.344650e-07    3.566120e-07
   9.305000e-01   -2.122230e-07   -2.384186e-07    2.619555e-08
   9.310000e-01   -6.222791e-07    4.768372e-07    1.099116e-06
   9.315000e-01   -6.013002e-07   -4.768372e-07    1.244630e-07
   9.320000e-01    3.998092e-07    4.172325e-07    1.742336e-08
   9.325000e-01    1.321953e-07   -2.384186e-07    3.706138e-07
   9.330000e-01    5.481249e-08   -7.152557e-07    7.700683e-07
   9.335000e-01    1.012878e-07    6.556511e-07    5.543633e-07
   9.340000e-01    2.368394e-07    2.980232e-07    6.118381e-08
   9.345000e-01   -1.378885e-07    6.556511e-07    7.935396e-07
   9.350000e-01    6.076127e-07    1.192093e-07    4.884034e-07
   9.355000e-01    1.672871e-07   -2.384186e-07    4.057056e-07
   9.360000e-01    8.281709e-07    4.768372e-07    3.513337e-07
   9.365000e-01    4.601849e-07    7.748604e-07    3.146755e-07
   9.370000e-01    5.149162e-07   -1.192093e-07    6.341255e-07
   9.375000e-01    3.725290e-09    5.960464e-08    5.587935e-08
   9.380000e-01   -4.075882e-07   -1.072884e-06    6.652954e-07
   9.385000e-01   -1.244750e-06   -5.960464e-07    6.487040e-07
   9.390000e-01   -3.555632e-07    2.980232e-07    6.535864e-07
   9.395000e-01    1.284758e-07    1.430511e-06    1.302036e-06
   9.400000e-01    1.504560e-07    3.576279e-07    2.071718e-07
   9.405000e-01    3.551019e-08   -5.960464e-07    6.315566e-07
   9.410000e-01    7.680529e-07   -4.768372e-07    1.244890e-06
   9.415000e-01   -7.543057e-07   -3.576279e-07    3.966778e-07
   9.420000e-01   -2.103007e-07    4.172325e-07    6.275332e-07
   9.425000e-01   -1.891456e-07    4.172325e-07    6.063781e-07
   9.430000e-01   -2.226390e-07    5.960464e-08    2.822437e-07
   9.435000e-01   -3.976172e-07    6.556511e-07    1.053268e-06
   9.440000e-01    1.050517e-06   -3.576279e-07    1.408145e-06
   9.445000e-01   -2.437423e-07    5.364418e-07    7.801841e-07
   9.450000e-01    1.237390e-06    1.549721e-06    3.123305e-07
   9.455000e-01   -4.251593e-07   -1.192093e-07    3.059500e-07
   9.460000e-01   -1.080831e-06   -5.960464e-07    4.847849e-07
   9.465000e-01   -8.709170e-07    2.384186e-07    1.109336e-06
   9.470000e-01    6.008349e-07    2.384186e-07    3.624164e-07
   9.475000e-01   -6.167047e-07   -1.311302e-06    6.945975e-07
   9.480000e-01   -7.367589e-07   -1.192093e-07    6.175496e-07
   9.485000e-01    1.628011e-07   -2.384186e-07    4.012197e-07
   9.490000e-01    4.581725e-07   -2.384186e-07    6.965910e-07
   9.495000e-01    1.751548e-07   -9.536743e-07    1.128829e-06
   9.500000e-01    4.393880e-07   -1.192093e-06    1.631481e-06
   9.505000e-01    1.998396e-07   -8.344650e-07    1.034305e-06
   9.510000e-01    1.686959e-07    5.364418e-07    3.677459e-07
   9.515000e-01    7.214666e-07   -2.384186e-07    9.598851e-07
   9.520000e-01    4.157944e-07   -1.072884e-06    1.488678e-06
   9.525000e-01    1.855368e-08    1.549721e-06    1.531167e-06
   9.530000e-01    9.125400e-07    5.364418e-07    3.760982e-07
   9.535000e-01   -1.262442e-06    5.364418e-07    1.798884e-06
   9.540000e-01    9.390203e-07    7.152557e-07    2.237645e-07
   9.545000e-01    4.298243e-07   -4.768372e-07    9.066614e-07
   9.550000e-01    8.396075e-07   -2.384186e-07    1.078026e-06
   9.555000e-01    1.033557e-06    2.086163e-06    1.052605e-06
   9.560000e-01   -8.363085e-07    1.192093e-06    2.028401e-06
   9.565000e-01   -1.294843e-06   -1.430511e-06    1.356689e-07
   9.570000e-01    1.900738e-07    1.549721e-06    1.359647e-06
   9.575000e-01   -6.511041e-07    5.960464e-08    7.107087e-07
   9.580000e-01   -3.697354e-07    4.172325e-07    7.869679e-07
   9.585000e-01    3.789312e-07    0.000000e+00    3.789312e-07
   9.590000e-01    4.071997e-07    1.192093e-07    2.879904e-07
   9.595000e-01   -5.975804e-07   -1.192093e-07    4.783711e-07
   9.600000e-01    1.096945e-07    1.192093e-07    9.514757e-09
   9.605000e-01   -2.650782e-07    5.960464e-08    3.246828e-07
   9.610000e-01    5.222039e-07    4.768372e-07    4.536673e-08
   9.615000e-01   -4.708483e-07   -1.192093e-06    7.212446e-07
   9.620000e-01   -7.063005e-07   -2.026558e-06    1.320258e-06
   9.625000e-01    2.153342e-07   -2.145767e-06    2.361101e-06
   9.630000e-01   -1.192292e-06   -9.536743e-07    2.386180e-07
   9.635000e-01    3.857509e-07   -1.430511e-06    1.816262e-06
   9.640000e-01   -8.179696e-07    0.000000e+00    8.179696e-07
   9.645000e-01   -1.918466e-06    5.960464e-08    1.978070e-06
   9.650000e-01   -1.608406e-07    1.788139e-07    3.396545e-07
   9.655000e-01   -1.174381e-07    5.960464e-08    1.770428e-07
   9.660000e-01    3.154601e-07   -1.192093e-07    4.346693e-07
   9.665000e-01    4.386693e-07   -1.072884e-06    1.511553e-06
   9.670000e-01    9.280761e-07    1.728535e-06    8.004586e-07
   9.675000e-01    6.622885e-07   -9.536743e-07    1.615963e-06
   9.680000e-01   -4.731816e-07    5.960464e-07    1.069228e-06
   9.685000e-01   -3.854092e-07   -5.960464e-07    2.106373e-07
   9.690000e-01    3.384352e-07   -5.960464e-07    9.344817e-07
   9.695000e-01    1.510371e-07   -1.668930e-06    1.819967e-06
   9.700000e-01    1.484171e-07    1.192093e-07    2.920784e-08
   9.705000e-01   -4.169071e-07    7.152557e-07    1.132163e-06
   9.710000e-01    1.794291e-07   -1.192093e-07    2.986383e-07
   9.715000e-01    1.188771e-06   -8.344650e-07    2.023236e-06
   9.720000e-01    4.362257e-07   -1.192093e-07    5.554350e-07
   9.725000e-01    5.932060e-07    1.788139e-07    4.143920e-07
   9.730000e-01    9.701686e-07    6.556511e-07    3.145175e-07
   9.735000e-01   -3.554779e-07   -2.145767e-06    1.790289e-06
   9.740000e-01   -3.735242e-07    2.384186e-07    6.119428e-07
   9.745000e-01   -1.169611e-07    3.576279e-07    4.745890e-07
   9.750000e-01    1.496481e-07   -4.768372e-07    6.264853e-07
   9.755000e-01    4.688249e-08    7.748604e-07    7.279779e-07
   9.760000e-01    4.423540e-07   -3.576279e-07    7.999818e-07
   9.765000e-01   -8.326995e-07   -9.536743e-07    1.209748e-07
   9.770000e-01    7.741438e-08   -9.536743e-07    1.031089e-06
   9.775000e-01    1.291696e-06   -1.430511e-06    2.722208e-06
   9.780000e-01    5.849545e-07    9.536743e-07    3.687198e-07
   9.785000e-01   -1.508636e-07    1.609325e-06    1.760189e-06
   9.790000e-01    6.534625e-07    3.576279e-07    2.958346e-07
   9.795000e-01   -7.629358e-07   -2.384186e-07    5.245172e-07
   9.800000e-01   -3.401533e-08   -4.768372e-07    4.428218e-07
   9.805000e-01    5.142766e-07    3.576279e-07    1.566487e-07
   9.810000e-01   -4.786814e-07    2.980232e-07    7.767046e-07
   9.815000e-01    1.385539e-06   -7.152557e-07    2.100795e-06
   9.820000e-01   -4.573888e-07   -1.072884e-06    6.154948e-07
   9.825000e-01    1.088801e-06   -1.549721e-06    2.638522e-06
   9.830000e-01    5.314242e-07    1.430511e-06    8.990873e-07
   9.835000e-01    1.905390e-07    2.384186e-07    4.787958e-08
   9.840000e-01    7.180849e-07   -4.768372e-07    1.194922e-06
   9.845000e-01   -2.536221e-07    7.748604e-07    1.028482e-06
   9.850000e-01    2.472259e-07    5.960464e-07    3.488206e-07
   9.855000e-01   -1.036600e-06    5.364418e-07    1.573042e-06
   9.860000e-01    2.328769e-07   -9.536743e-07    1.186551e-06
   9.865000e-01    3.588151e-07    0.000000e+00    3.588151e-07
   9.870000e-01    2.981492e-07    5.364418e-07    2.382926e-07
   9.875000e-01   -2.674552e-07   -3.576279e-07    9.017262e-08
   9.880000e-01   -1.276405e-06    2.086163e-06    3.362567e-06
   9.885000e-01   -1.351152e-06   -5.960464e-07    7.551055e-07
   9.890000e-01   -6.980266e-07    5.960464e-07    1.294073e-06
   9.895000e-01   -2.653441e-07    7.748604e-07    1.040204e-06
   9.900000e-01    1.327848e-06   -3.576279e-07    1.685476e-06
   9.905000e-01   -9.004100e-07    4.768372e-07    1.377247e-06
   9.910000e-01    1.891648e-07   -1.192093e-07    3.083741e-07
   9.915000e-01   -9.223329e-08   -2.384186e-07    1.461853e-07
   9.920000e-01    2.137515e-07    7.152557e-07    5.015042e-07
   9.925000e-01    1.301001e-06    2.384186e-07    1.062582e-06
   9.930000e-01   -1.108696e-06   -2.622604e-06    1.513908e-06
   9.935000e-01    5.129401e-07    2.980232e-07    2.149169e-07
   9.940000e-01   -1.445020e-07   -1.072884e-06    9.283816e-07
   9.945000e-01   -6.800555e-07    0.000000e+00    6.800555e-07
   9.950000e-01    1.795655e-07    2.384186e-07    5.885309e-08
   9.955000e-01   -1.022470e-06    8.344650e-07    1.856935e-06
   9.960000e-01   -1.116764e-06    2.026558e-06    3.143322e-06
   9.965000e-01   -7.041177e-07    1.311302e-06    2.015420e-06
   9.970000e-01   -4.846366e-07    1.788139e-07    6.634506e-07
   9.975000e-01   -5.276972e-07   -4.768372e-07    5.086002e-08
   9.980000e-01    9.797931e-07    2.980232e-07    6.817698e-07
   9.985000e-01    1.933775e-07    1.192093e-06    9.987154e-07
   9.990000e-01    2.547579e-07    1.192093e-07    1.355486e-07
   9.995000e-01    2.387602e-07   -4.768372e-07    7.155974e-07
   1.000000e+00    0.000000e+00    0.000000e+00    0.000000e+00
   1.000500e+00   -7.236623e-07    9.536743e-07    1.677337e-06
   1.001000e+00    6.304161e-08   -1.192093e-07    1.822509e-07
   1.001500e+00   -7.581335e-07   -9.536743e-07    1.955408e-07
   1.002000e+00   -8.318842e-07    5.960464e-08    8.914889e-07
   1.002500e+00    2.796027e-07    5.364418e-07    2.568391e-07
   1.003000e+00    4.267318e-07   -8.344650e-07    1.261197e-06
   1.003500e+00    6.457886e-07    7.748604e-07    1.290718e-07
   1.004000e+00   -4.011163e-07    4.172325e-07    8.183488e-07
   1.004500e+00    5.744517e-07    4.768372e-07    9.761453e-08
   1.005000e+00   -1.066812e-07   -2.384186e-07    1.317374e-07
   1.005500e+00    1.031956e-07    7.748604e-07    6.716648e-07
   1.006000e+00   -1.999676e-07    9.536743e-07    1.153642e-06
   1.006500e+00    4.510478e-09    1.192093e-06    1.187582e-06
   1.007000e+00    3.320954e-07   -4.768372e-07    8.089326e-07
   1.007500e+00    3.599371e-07    1.132488e-06    7.725512e-07
   1.008000e+00    2.541535e-07    1.370907e-06    1.116753e-06
   1.008500e+00   -5.248266e-07   -1.668930e-06    1.144103e-06
   1.009000e+00   -8.581188e-07    8.940697e-07    1.752188e-06
   1.009500e+00   -6.833446e-07    1.668930e-06    2.352275e-06
   1.010000e+00    1.001678e-06   -1.430511e-06    2.432189e-06
   1.010500e+00    1.070225e-06   -1.549721e-06    2.619945e-06
   1.011000e+00    9.880674e-07   -3.576279e-07    1.345695e-06
   1.011500e+00    2.423448e-07   -9.536743e-07    1.196019e-06
   1.012000e+00   -4.758076e-07    1.788139e-07    6.546215e-07
   1.012500e+00   -2.382586e-07   -1.907349e-06    1.669090e-06
   1.013000e+00   -3.239144e-07    1.370907e-06    1.694821e-06
   1.013500e+00    1.623802e-06   -1.192093e-06    2.815895e-06
   1.014000e+00    1.047275e-06    6.556511e-07    3.916236e-07
   1.014500e+00    1.896620e-06    1.370907e-06    5.257134e-07
   1.015000e+00   -2.380174e-07    2.741814e-06    2.979831e-06
   1.015500e+00   -1.733177e-07    5.960464e-08    2.329223e-07
   1.016000e+00    1.949235e-07   -4.768372e-07    6.717606e-07
   1.016500e+00   -7.367146e-08   -5.960464e-07    5.223750e-07
   1.017000e+00    9.002538e-07    7.152557e-07    1.849981e-07
   1.017500e+00   -3.407507e-07    9.536743e-07    1.294425e-06
   1.018000e+00    5.278894e-07   -2.026558e-06    2.554447e-06
   1.018500e+00   -1.379171e-06   -7.152557e-07    6.639154e-07
   1.019000e+00   -1.898375e-06    0.000000e+00    1.898375e-06
   1.019500e+00   -2.675193e-08    3.576279e-07    3.843798e-07
   1.020000e+00    1.764505e-07    7.152557e-07    5.388053e-07
   1.020500e+00    8.286195e-07    5.960464e-08    7.690149e-07
   1.021000e+00    8.368260e-07    7.748604e-07    6.196564e-08
   1.021500e+00    7.490646e-07   -3.576279e-07    1.106692e-06
   1.022000e+00   -4.029016e-07    8.344650e-07    1.237367e-06
   1.022500e+00    4.433297e-07    1.788139e-07    2.645158e-07
   1.023000e+00    9.997312e-07    0.000000e+00    9.997312e-07
   1.023500e+00   -3.121330e-07    1.251698e-06    1.563830e-06
   1.024000e+00   -1.264456e-06    2.384186e-06    3.648642e-06
   1.024500e+00    1.346559e-06    1.668930e-06    3.223706e-07
   1.025000e+00   -2.373892e-08    0.000000e+00    2.373892e-08
   1.025500e+00    6.584970e-07    1.609325e-06    9.508284e-07
   1.026000e+00    4.149655e-07   -1.192093e-07    5.341748e-07
   1.026500e+00   -1.870320e-06   -8.344650e-07    1.035855e-06
   1.027000e+00   -1.219680e-06   -2.384186e-07    9.812617e-07
   1.027500e+00   -3.131838e-07    8.940697e-07    1.207253e-06
   1.028000e+00   -6.760508e-07    1.072884e-06    1.748934e-06
   1.028500e+00    2.255620e-07    1.072884e-06    8.473216e-07
   1.029000e+00    6.393850e-07   -2.384186e-07    8.778035e-07
   1.029500e+00   -3.296107e-07   -1.072884e-06    7.432729e-07
   1.030000e+00   -3.266914e-07    1.430511e-06    1.757203e-06
   1.030500e+00    8.114257e-07    0.000000e+00    8.114257e-07
   1.031000e+00    2.785886e-06   -1.430511e-06    4.216397e-06
   1.031500e+00   -6.745395e-07    5.960464e-08    7.341442e-07
   1.032000e+00    5.980816e-07   -5.960464e-07    1.194128e-06
   1.032500e+00    2.388313e-06    1.430511e-06    9.578011e-07
   1.033000e+00   -1.345567e-06   -1.192093e-07    1.226358e-06
   1.033500e+00    1.287516e-06    8.344650e-07    4.530511e-07
   1.034000e+00    5.869665e-08    1.788139e-07    1.201173e-07
   1.034500e+00   -9.987244e-07    5.364418e-07    1.535166e-06
   1.035000e+00    9.568618e-08    8.344650e-07    7.387789e-07
   1.035500e+00    1.664918e-06    1.132488e-06    5.324302e-07
   1.036000e+00   -1.397090e-06    1.490116e-06    2.887206e-06
   1.036500e+00    1.489085e-06    2.384186e-07    1.250666e-06
   1.037000e+00   -1.508539e-06   -1.430511e-06    7.802726e-08
   1.037500e+00    9.367584e-07    1.609325e-06    6.725670e-07
   1.038000e+00   -1.167100e-06    3.576279e-07    1.524728e-06
   1.038500e+00    7.854821e-08    2.384186e-06    2.305638e-06
   1.039000e+00    1.250072e-06    0.000000e+00    1.250072e-06
   1.039500e+00    1.392387e-06   -3.576279e-07    1.750014e-06
   1.040000e+00    8.325055e-07    2.145767e-06    1.313262e-06
   1.040500e+00   -2.234413e-06   -3.576279e-07    1.876785e-06
   1.041000e+00   -2.148051e-06    1.609325e-06    3.757377e-06
   1.041500e+00    4.817728e-07    1.549721e-06    1.067948e-06
   1.042000e+00   -2.000408e-06    2.384186e-06    4.384594e-06
   1.042500e+00    2.163584e-06   -7.152557e-07    2.878839e-06
   1.043000e+00    1.625745e-06   -1.311302e-06    2.937047e-06
   1.043500e+00   -4.263023e-07    0.000000e+00    4.263023e-07
   1.044000e+00   -4.549480e-07   -1.907349e-06    1.452401e-06
   1.044500e+00   -1.578725e-06   -5.960464e-07    9.826790e-07
   1.045000e+00   -6.284792e-07   -2.503395e-06    1.874916e-06
   1.045500e+00   -9.488454e-07    5.960464e-07    1.544892e-06
   1.046000e+00   -1.389749e-06    2.384186e-07    1.628168e-06
   1.046500e+00    7.592363e-07   -1.668930e-06    2.428166e-06
   1.047000e+00    7.590064e-08    1.192093e-06    1.116192e-06
   1.047500e+00   -2.030745e-07   -8.344650e-07    6.313905e-07
   1.048000e+00    1.774893e-06    6.556511e-07    1.119241e-06
   1.048500e+00   -1.091002e-06    2.443790e-06    3.534793e-06
   1.049000e+00   -1.849828e-06   -1.192093e-06    6.577346e-07
   1.049500e+00   -1.519666e-06   -3.576279e-07    1.162038e-06
   1.050000e+00    9.405577e-07    3.576279e-07    5.829298e-07
   1.050500e+00   -3.323262e-08    9.536743e-07    9.869069e-07
   1.051000e+00   -6.835293e-07    1.192093e-07    8.027386e-07
   1.051500e+00   -1.619539e-06    6.556511e-07    2.275190e-06
   1.052000e+00   -1.439335e-07   -3.337860e-06    3.193927e-06
   1.052500e+00    6.791565e-07    1.251698e-06    5.725410e-07
   1.053000e+00   -1.361175e-07   -3.576279e-07    2.215103e-07
   1.053500e+00   -9.017837e-07    0.000000e+00    9.017837e-07
   1.054000e+00    3.219305e-08   -1.192093e-07    1.514023e-07
   1.054500e+00   -1.730463e-07   -1.311302e-06    1.138256e-06
   1.055000e+00   -1.971227e-07    8.344650e-07    1.031588e-06
   1.055500e+00    1.033307e-06    5.960464e-08    9.737020e-07
   1.056000e+00    1.926030e-07    1.192093e-06    9.994899e-07
   1.056500e+00    2.283942e-07   -2.384186e-07    4.668127e-07
   1.057000e+00   -7.709877e-07   -7.152557e-07    5.573196e-08
   1.057500e+00    1.512471e-06   -1.311302e-06    2.823774e-06
   1.058000e+00   -1.006879e-06   -4.768372e-07    5.300416e-07
   1.058500e+00   -1.017688e-06   -1.192093e-07    8.984787e-07
   1.059000e+00   -5.543888e-07   -1.311302e-06    7.569134e-07
   1.059500e+00    5.884605e-07    3.516674e-06    2.928214e-06
   1.060000e+00    2.320536e-07    1.788139e-07    5.323963e-08
   1.060500e+00    6.132998e-07    1.728535e-06    1.115235e-06
   1.061000e+00    1.667448e-08   -7.152557e-07    7.319302e-07
   1.061500e+00    1.038246e-06    2.384186e-07    7.998271e-07
   1.062000e+00   -5.275831e-07    6.556511e-07    1.183234e-06
   1.062500e+00    5.587935e-08    5.960464e-08    3.725290e-09
   1.063000e+00   -2.132363e-06    2.920628e-06    5.052991e-06
   1.063500e+00   -1.180580e-06    5.960464e-08    1.240185e-06
   1.064000e+00    2.821866e-07    2.384186e-07    4.376798e-08
   1.064500e+00   -1.604220e-06   -1.668930e-06    6.471009e-08
   1.065000e+00    9.688359e-07    1.370907e-06    4.020709e-07
   1.065500e+00   -5.678584e-07   -1.192093e-07    4.486491e-07
   1.066000e+00    1.597631e-06   -1.788139e-06    3.385771e-06
   1.066500e+00   -1.032412e-06   -8.344650e-07    1.979470e-07
   1.067000e+00   -9.018094e-07    1.370907e-06    2.272716e-06
   1.067500e+00   -4.728182e-07   -1.430511e-06    9.576933e-07
   1.068000e+00    1.923199e-08    6.556511e-07    6.364191e-07
   1.068500e+00   -1.039713e-06    2.384186e-07    1.278132e-06
   1.069000e+00    2.114664e-06    2.980232e-07    1.816641e-06
   1.069500e+00    3.058895e-08   -7.152557e-07    7.458447e-07
   1.070000e+00    4.813565e-07   -2.026558e-06    2.507914e-06
   1.070500e+00    1.642162e-06    1.847744e-06    2.055817e-07
   1.071000e+00    6.800522e-07    1.609325e-06    9.292733e-07
   1.071500e+00   -3.644886e-07    1.132488e-06    1.496977e-06
   1.072000e+00   -1.387993e-06    2.384186e-07    1.626411e-06
   1.072500e+00    4.878928e-07   -1.788139e-06    2.276032e-06
   1.073000e+00   -1.208825e-06    1.192093e-06    2.400918e-06
   1.073500e+00    3.162424e-07    4.768372e-07    1.605947e-07
   1.074000e+00    3.071087e-07    2.384186e-07    6.869016e-08
   1.074500e+00    1.773961e-06    1.370907e-06    4.030541e-07
   1.075000e+00   -9.786991e-07   -1.549721e-06    5.710217e-07
   1.075500e+00   -3.258509e-07    5.960464e-08    3.854556e-07
   1.076000e+00    1.194029e-06    5.960464e-08    1.134425e-06
   1.076500e+00    9.358424e-07    1.847744e-06    9.119016e-07
   1.077000e+00   -5.685030e-07   -8.344650e-07    2.659620e-07
   1.077500e+00   -9.538322e-07    3.993511e-06    4.947343e-06
   1.078000e+00   -1.531329e-08    9.536743e-07    9.689876e-07
   1.078500e+00   -1.729422e-06    1.072884e-06    2.802306e-06
   1.079000e+00   -4.041906e-07   -4.768372e-07    7.264660e-08
   1.079500e+00    5.869809e-07   -1.072884e-06    1.659864e-06
   1.080000e+00   -3.541233e-07    1.788139e-07    5.329373e-07
   1.080500e+00    9.312453e-07   -3.218651e-06    4.149896e-06
   1.081000e+00   -1.463384e-06    0.000000e+00    1.463384e-06
   1.081500e+00   -5.036425e-07    5.364418e-07    1.040084e-06
   1.082000e+00    5.393775e-07    5.960464e-08    4.797728e-07
   1.082500e+00    7.952736e-07    4.768372e-07    3.184364e-07
   1.083000e+00    2.280421e-07   -7.152557e-07    9.432979e-07
   1.083500e+00    4.316967e-07   -5.960464e-07    1.027743e-06
   1.084000e+00    6.095859e-07    5.364418e-07    7.314407e-08
   1.084500e+00    1.716936e-06    1.013279e-06    7.036575e-07
   1.085000e+00    1.064586e-06    1.490116e-06    4.255302e-07
   1.085500e+00   -8.303464e-07    1.907349e-06    2.737695e-06
   1.086000e+00   -1.858498e-06    1.668930e-06    3.527428e-06
   1.086500e+00    1.339298e-06    2.384186e-07    1.100879e-06
   1.087000e+00   -1.644846e-06    1.907349e-06    3.552195e-06
   1.087500e+00    3.004909e-07    1.370907e-06    1.070416e-06
   1.088000e+00    1.105328e-06    6.556511e-07    4.496773e-07
   1.088500e+00   -1.980939e-07   -5.960464e-07    3.979525e-07
   1.089000e+00   -2.046685e-06    2.384186e-07    2.285104e-06
   1.089500e+00   -5.434152e-07   -1.192093e-06    6.486777e-07
   1.090000e+00    3.718957e-07    1.370907e-06    9.990110e-07
   1.090500e+00    3.579005e-07   -2.861023e-06    3.218923e-06
   1.091000e+00    9.854259e-07   -4.768372e-07    1.462263e-06
   1.091500e+00    1.809205e-06   -7.152557e-07    2.524461e-06
   1.092000e+00   -1.610371e-07    4.172325e-07    5.782696e-07
   1.092500e+00   -1.863143e-06   -2.145767e-06    2.826239e-07
   1.093000e+00    1.303627e-07   -2.264977e-06    2.395339e-06
   1.093500e+00   -7.862431e-08   -8.344650e-07    7.558407e-07
   1.094000e+00   -7.277948e-07   -4.768372e-07    2.509576e-07
   1.094500e+00   -7.056341e-08    5.960464e-07    6.666099e-07
   1.095000e+00   -5.246878e-07    1.728535e-06    2.253223e-06
   1.095500e+00    8.522996e-07    5.960464e-07    2.562532e-07
   1.096000e+00   -7.457374e-07    1.013279e-06    1.759016e-06
   1.096500e+00    3.456176e-07   -9.536743e-07    1.299292e-06
   1.097000e+00   -1.121128e-06   -7.152557e-07    4.058727e-07
   1.097500e+00    3.753067e-07    3.933907e-06    3.558600e-06
   1.098000e+00    3.184381e-07    2.384186e-07    8.001948e-08
   1.098500e+00    1.745828e-06    5.960464e-08    1.686223e-06
   1.099000e+00   -1.102751e-06   -1.788139e-06    6.853885e-07
   1.099500e+00   -1.514385e-06   -7.152557e-07    7.991290e-07
   1.100000e+00   -1.112817e-06   -5.960464e-07    5.167701e-07
   1.100500e+00    1.430243e-07    8.344650e-07    6.914408e-07
   1.101000e+00   -1.655895e-06    1.072884e-06    2.728778e-06
   1.101500e+00   -3.607313e-07    7.748604e-07    1.135592e-06
   1.102000e+00    1.077061e-06   -2.264977e-06    3.342038e-06
   1.102500e+00   -1.229992e-07    1.966953e-06    2.089952e-06
   1.103000e+00    1.054196e-06   -1.430511e-06    2.484708e-06
   1.103500e+00    1.729814e-06    0.000000e+00    1.729814e-06
   1.104000e+00   -1.779372e-06    1.728535e-06    3.507907e-06
   1.104500e+00   -8.944886e-07    1.132488e-06    2.026977e-06
   1.105000e+00    8.147421e-07    5.960464e-08    7.551375e-07
   1.105500e+00   -2.281849e-07   -1.192093e-07    1.089757e-07
   1.106000e+00   -2.393503e-06    6.556511e-07    3.049154e-06
   1.106500e+00    6.158693e-07   -2.026558e-06    2.642427e-06
   1.107000e+00   -1.014623e-07   -3.576279e-07    2.561655e-07
   1.107500e+00   -1.453164e-06   -5.960464e-07    8.571179e-07
   1.108000e+00    5.504593e-07    7.152557e-07    1.647965e-07
   1.108500e+00    2.811179e-07    1.430511e-06    1.149393e-06
   1.109000e+00   -3.934298e-07    9.536743e-07    1.347104e-06
   1.109500e+00   -2.084045e-07   -2.384186e-07    3.001411e-08
   1.110000e+00    8.059698e-07   -4.768372e-07    1.282807e-06
   1.110500e+00   -1.088257e-06   -8.344650e-07    2.537921e-07
   1.111000e+00    1.291813e-07    2.384186e-07    1.092372e-07
   1.111500e+00   -1.268890e-06    2.324581e-06    3.593471e-06
   1.112000e+00    2.650472e-07   -2.622604e-06    2.887652e-06
   1.112500e+00   -5.543088e-07   -2.861023e-06    2.306714e-06
   1.113000e+00    3.686461e-07   -2.861023e-06    3.229669e-06
   1.113500e+00    9.167405e-07   -1.311302e-06    2.228043e-06
   1.114000e+00    2.402763e-06   -1.549721e-06    3.952484e-06
   1.114500e+00   -6.113396e-07   -1.311302e-06    6.999626e-07
   1.115000e+00   -4.582560e-07   -1.192093e-06    7.338369e-07
   1.115500e+00   -1.231629e-06    4.172325e-07    1.648861e-06
   1.116000e+00    1.376301e-06   -2.503395e-06    3.879696e-06
   1.116500e+00    1.007991e-06   -5.960464e-07    1.604037e-06
   1.117000e+00    2.213800e-06    5.960464e-08    2.154195e-06
   1.117500e+00   -1.440610e-06    1.072884e-06    2.513494e-06
   1.118000e+00   -3.128989e-07    1.490116e-06    1.803015e-06
   1.118500e+00   -1.179386e-07    1.192093e-07    2.371478e-07
   1.119000e+00   -1.815119e-07    1.370907e-06    1.552419e-06
   1.119500e+00    4.351945e-07    1.788139e-07    2.563806e-07
   1.120000e+00   -1.465355e-06   -9.536743e-07    5.116806e-07
   1.120500e+00    3.225385e-07   -8.344650e-07    1.157004e-06
   1.121000e+00    9.498903e-07   -1.192093e-06    2.141983e-06
   1.121500e+00   -1.748630e-06   -2.264977e-06    5.163463e-07
   1.122000e+00   -2.092457e-06   -1.311302e-06    7.811552e-07
   1.122500e+00   -1.315578e-06    4.172325e-07    1.732810e-06
   1.123000e+00    5.365915e-07    1.072884e-06    5.362921e-07
   1.123500e+00    5.654418e-07   -5.960464e-07    1.161488e-06
   1.124000e+00   -8.077345e-07   -2.384186e-06    1.576451e-06
   1.124500e+00   -1.694402e-06    1.013279e-06    2.707681e-06
   1.125000e+00   -4.768372e-07   -4.768372e-07    0.000000e+00
   1.125500e+00    1.803534e-07   -1.072884e-06    1.253237e-06
   1.126000e+00    9.185380e-07    2.384186e-07    6.801195e-07
   1.126500e+00   -1.344787e-06   -1.668930e-06    3.241430e-07
   1.127000e+00   -2.418319e-07    0.000000e+00    2.418319e-07
   1.127500e+00    5.633731e-07    1.966953e-06    1.403580e-06
   1.128000e+00   -3.157228e-07   -2.503395e-06    2.187672e-06
   1.128500e+00   -3.398612e-07   -1.311302e-06    9.714410e-07
   1.129000e+00   -1.220498e-06    1.430511e-06    2.651010e-06
   1.129500e+00   -1.156666e-06    1.192093e-07    1.275875e-06
   1.130000e+00   -5.449277e-07    1.490116e-06    2.035044e-06
   1.130500e+00   -5.138965e-07    1.490116e-06    2.004012e-06
   1.131000e+00   -7.266023e-07   -1.192093e-06    4.654906e-07
   1.131500e+00   -1.022431e-07   -2.980232e-06    2.877989e-06
   1.132000e+00   -1.783241e-06   -5.960464e-07    1.187194e-06
   1.132500e+00   -8.974367e-07   -3.337860e-06    2.440423e-06
   1.133000e+00    3.063331e-07    8.940697e-07    5.877366e-07
   1.133500e+00   -1.163080e-06   -1.549721e-06    3.866405e-07
   1.134000e+00   -1.639877e-06   -3.576279e-07    1.282249e-06
   1.134500e+00   -1.437730e-06   -3.576279e-07    1.080103e-06
   1.135000e+00    9.679283e-07    0.000000e+00    9.679283e-07
   1.135500e+00   -9.037171e-07   -2.384186e-07    6.652985e-07
   1.136000e+00    8.854998e-07    7.748604e-07    1.106395e-07
   1.136500e+00   -3.780215e-07   -2.026558e-06    1.648536e-06
   1.137000e+00   -1.415458e-06   -2.861023e-06    1.445565e-06
   1.137500e+00    1.383077e-07   -4.768372e-07    6.151448e-07
   1.138000e+00   -8.966296e-07   -4.768372e-07    4.197925e-07
   1.138500e+00   -5.111308e-07   -2.264977e-06    1.753846e-06
   1.139000e+00   -1.763352e-06   -2.145767e-06    3.824155e-07
   1.139500e+00   -2.488722e-06    1.192093e-06    3.680814e-06
   1.140000e+00   -1.687642e-06   -1.549721e-06    1.379209e-07
   1.140500e+00   -7.640151e-07   -1.907349e-06    1.143334e-06
   1.141000e+00    5.680047e-07   -1.311302e-06    1.879307e-06
   1.141500e+00   -7.597459e-07   -3.457069e-06    2.697323e-06
   1.142000e+00   -1.930764e-06   -3.576279e-07    1.573136e-06
   1.142500e+00   -1.746068e-06   -8.344650e-07    9.116029e-07
   1.143000e+00   -2.503955e-06   -1.311302e-06    1.192652e-06
   1.143500e+00    3.788491e-07   -3.099442e-06    3.478291e-06
   1.144000e+00   -1.449681e-07   -2.264977e-06    2.120009e-06
   1.144500e+00   -2.166360e-06    0.000000e+00    2.166360e-06
   1.145000e+00   -1.200365e-06   -5.960464e-07    6.043190e-07
   1.145500e+00   -2.298842e-06   -3.099442e-06    8.005995e-07
   1.146000e+00   -3.105638e-06   -8.344650e-07    2.271173e-06
   1.146500e+00   -2.989906e-06   -2.503395e-06    4.865112e-07
   1.147000e+00    1.608578e-06   -1.072884e-06    2.681462e-06
   1.147500e+00   -2.487956e-06   -1.430511e-06    1.057444e-06
   1.148000e+00   -3.153466e-06   -3.576279e-06    4.228127e-07
   1.148500e+00   -3.056100e-06   -4.291534e-06    1.235434e-06
   1.149000e+00   -2.015833e-06   -2.980232e-06    9.643993e-07
   1.149500e+00   -1.249936e-06    3.576279e-07    1.607564e-06
   1.150000e+00   -5.735367e-07    8.344650e-07    1.408002e-06
   1.150500e+00   -3.159798e-06   -1.788139e-06    1.371658e-06
   1.151000e+00   -1.825038e-07   -1.668930e-06    1.486426e-06
   1.151500e+00   -3.631425e-06    2.145767e-06    5.777192e-06
   1.152000e+00   -9.164788e-07   -2.384186e-07    6.780602e-07
   1.152500e+00   -1.668722e-06   -2.980232e-06    1.311511e-06
   1.153000e+00   -3.459060e-06   -2.384186e-07    3.220641e-06
   1.153500e+00    2.405010e-07   -1.072884e-06    1.313385e-06
   1.154000e+00   -2.664256e-06    1.788139e-07    2.843070e-06
   1.154500e+00   -2.497900e-06   -1.430511e-06    1.067389e-06
   1.155000e+00   -9.759467e-07   -3.814697e-06    2.838751e-06
   1.155500e+00   -4.422816e-06    1.192093e-07    4.542025e-06
   1.156000e+00   -1.526995e-06   -4.768372e-06    3.241376e-06
   1.156500e+00   -2.661033e-06   -2.741814e-06    8.078086e-08
   1.157000e+00   -1.528928e-06   -4.291534e-06    2.762606e-06
   1.157500e+00   -2.285612e-06   -3.695488e-06    1.409876e-06
   1.158000e+00   -6.057375e-08   -3.218651e-06    3.158077e-06
   1.158500e+00   -2.768778e-06   -4.649162e-06    1.880384e-06
   1.159000e+00   -1.512797e-06   -4.172325e-06    2.659528e-06
   1.159500e+00   -1.836740e-06   -3.218651e-06    1.381911e-06
   1.160000e+00   -6.858997e-07   -8.344650e-07    1.485653e-07
   1.160500e+00   -7.305778e-09   -2.384186e-06    2.376880e-06
   1.161000e+00   -2.591610e-06    2.384186e-07    2.830028e-06
   1.161500e+00   -2.525989e-06   -2.264977e-06    2.610125e-07
   1.162000e+00   -3.342889e-06   -1.192093e-06    2.150796e-06
   1.162500e+00   -2.417517e-06    9.536743e-07    3.371191e-06
   1.163000e+00   -2.085092e-06   -3.814697e-06    1.729605e-06
   1.163500e+00   -1.602736e-06   -2.145767e-06    5.430317e-07
   1.164000e+00   -2.605545e-06   -1.192093e-06    1.413452e-06
   1.164500e+00   -1.961289e-06   -6.437302e-06    4.476013e-06
   1.165000e+00   -4.724977e-06   -1.907349e-06    2.817628e-06
   1.165500e+00   -3.976620e-06   -3.814697e-06    1.619223e-07
   1.166000e+00   -4.169831e-06   -3.576279e-06    5.935522e-07
   1.166500e+00   -4.058094e-06   -4.172325e-06    1.142312e-07
   1.167000e+00   -5.212607e-06   -3.099442e-06    2.113166e-06
   1.167500e+00   -5.010639e-06   -4.053116e-06    9.575228e-07
   1.168000e+00   -3.262488e-06   -3.457069e-06    1.945816e-07
   1.168500e+00   -7.169514e-06   -2.980232e-06    4.189281e-06
   1.169000e+00   -6.989259e-06   -3.933907e-06    3.055352e-06
   1.169500e+00   -4.715874e-06   -5.006790e-06    2.909164e-07
   1.170000e+00   -2.994148e-06   -4.172325e-06    1.178177e-06
   1.170500e+00   -3.558098e-06   -3.933907e-06    3.758082e-07
   1.171000e+00   -3.108375e-06   -2.264977e-06    8.433981e-07
   1.171500e+00   -4.078468e-06   -8.583069e-06    4.504601e-06
   1.172000e+00   -2.719892e-06   -7.390976e-06    4.671084e-06
   1.172500e+00   -6.683413e-06   -4.053116e-06    2.630297e-06
   1.173000e+00   -7.208395e-06   -4.291534e-06    2.916860e-06
   1.173500e+00   -4.854798e-06   -4.768372e-06    8.642655e-08
   1.174000e+00   -2.948825e-06   -5.960464e-06    3.011640e-06
   1.174500e+00   -3.952390e-06   -7.271767e-06    3.319377e-06
   1.175000e+00   -1.716507e-06   -4.291534e-06    2.575028e-06
   1.175500e+00   -6.599018e-06   -2.264977e-06    4.334041e-06
   1.176000e+00   -5.907709e-06   -7.033348e-06    1.125639e-06
   1.176500e+00   -6.962661e-06   -7.510185e-06    5.475240e-07
   1.177000e+00   -5.870819e-06   -7.629395e-06    1.758576e-06
   1.177500e+00   -3.220828e-06   -4.649162e-06    1.428334e-06
   1.178000e+00   -5.500400e-06   -3.933907e-06    1.566494e-06
   1.178500e+00   -6.174100e-06   -3.695488e-06    2.478612e-06
   1.179000e+00   -6.310717e-06   -5.125999e-06    1.184718e-06
   1.179500e+00   -5.091350e-06   -3.457069e-06    1.634281e-06
   1.180000e+00   -4.104179e-06   -7.629395e-06    3.525215e-06
   1.180500e+00   -9.629245e-06   -8.106232e-06    1.523013e-06
   1.181000e+00   -1.085141e-05   -6.437302e-06    4.414112e-06
   1.181500e+00   -7.344858e-06   -3.814697e-06    3.530161e-06
   1.182000e+00   -8.112087e-06   -6.675720e-06    1.436367e-06
   1.182500e+00   -7.705013e-06   -6.675720e-06    1.029292e-06
   1.183000e+00   -8.347907e-06   -8.225441e-06    1.224662e-07
   1.183500e+00   -4.331308e-06   -1.049042e-05    6.159109e-06
   1.184000e+00   -7.763296e-06   -8.344650e-06    5.813545e-07
   1.184500e+00   -7.728147e-06   -6.437302e-06    1.290845e-06
   1.185000e+00   -5.395952e-06   -4.291534e-06    1.104417e-06
   1.185500e+00   -9.793001e-06   -1.013279e-05    3.397890e-07
   1.186000e+00   -7.301765e-06   -6.079674e-06    1.222092e-06
   1.186500e+00   -9.839038e-06   -9.536743e-06    3.022951e-07
   1.187000e+00   -9.230064e-06   -8.106232e-06    1.123833e-06
   1.187500e+00   -9.041280e-06   -8.106232e-06    9.350479e-07
   1.188000e+00   -7.655900e-06   -7.629395e-06    2.650540e-08
   1.188500e+00   -1.033899e-05   -9.179115e-06    1.159879e-06
   1.189000e+00   -1.149152e-05   -1.084805e-05    6.434748e-07
   1.189500e+00   -8.961346e-06   -7.271767e-06    1.689579e-06
   1.190000e+00   -1.023886e-05   -7.033348e-06    3.205508e-06
   1.190500e+00   -7.482393e-06   -7.748604e-06    2.662105e-07
   1.191000e+00   -1.218872e-05   -1.025200e-05    1.936725e-06
   1.191500e+00   -8.913401e-06   -9.655952e-06    7.425515e-07
   1.192000e+00   -8.924440e-06   -9.894371e-06    9.699306e-07
   1.192500e+00   -1.035448e-05   -1.072884e-05    3.743571e-07
   1.193000e+00   -8.990050e-06   -6.914139e-06    2.075911e-06
   1.193500e+00   -1.056924e-05   -9.417534e-06    1.151706e-06
   1.194000e+00   -9.438731e-06   -1.215935e-05    2.720616e-06
   1.194500e+00   -1.089703e-05   -1.168251e-05    7.854806e-07
   1.195000e+00   -1.099027e-05   -1.096725e-05    2.301476e-08
   1.195500e+00   -9.924716e-06   -1.144409e-05    1.519375e-06
   1.196000e+00   -1.113157e-05   -1.215935e-05    1.027779e-06
   1.196500e+00   -1.043717e-05   -1.275539e-05    2.318226e-06
   1.197000e+00   -1.206449e-05   -9.298325e-06    2.766164e-06
   1.197500e+00   -1.397969e-05   -1.192093e-05    2.058758e-06
   1.198000e+00   -1.361408e-05   -1.358986e-05    2.422530e-08
   1.198500e+00   -1.301792e-05   -1.204014e-05    9.777859e-07
   1.199000e+00   -1.588844e-05   -1.645088e-05    5.624443e-07
   1.199500e+00   -1.435758e-05   -1.084805e-05    3.509532e-06
   1.200000e+00   -1.448215e-05   -1.001358e-05    4.468570e-06
   1.200500e+00   -1.569636e-05   -1.561642e-05    7.994095e-08
   1.201000e+00   -1.042527e-05   -1.347065e-05    3.045378e-06
   1.201500e+00   -1.506217e-05   -1.275539e-05    2.306778e-06
   1.202000e+00   -1.153406e-05   -1.275539e-05    1.221330e-06
   1.202500e+00   -1.432080e-05   -1.299381e-05    1.326990e-06
   1.203000e+00   -1.170141e-05   -1.358986e-05    1.888448e-06
   1.203500e+00   -1.346046e-05   -1.657009e-05    3.109636e-06
   1.204000e+00   -1.764601e-05   -1.060963e-05    7.036379e-06
   1.204500e+00   -1.429958e-05   -1.573563e-05    1.436042e-06
   1.205000e+00   -1.628303e-05   -1.835823e-05    2.075201e-06
   1.205500e+00   -1.664136e-05   -1.764297e-05    1.001617e-06
   1.206000e+00   -1.625409e-05   -1.561642e-05    6.376777e-07
   1.206500e+00   -1.433986e-05   -1.478195e-05    4.420954e-07
   1.207000e+00   -1.756833e-05   -1.716614e-05    4.021967e-07
   1.207500e+00   -1.836579e-05   -1.561642e-05    2.749372e-06
   1.208000e+00   -1.580473e-05   -1.680851e-05    1.003780e-06
   1.208500e+00   -1.858964e-05   -1.800060e-05    5.890342e-07
   1.209000e+00   -1.505794e-05   -1.788139e-05    2.823458e-06
   1.209500e+00   -1.693798e-05   -1.907349e-05    2.135506e-06
   1.210000e+00   -1.477599e-05   -1.764297e-05    2.866980e-06
   1.210500e+00   -1.671777e-05   -1.585484e-05    8.629322e-07
   1.211000e+00   -1.733597e-05   -1.823902e-05    9.030464e-07
   1.211500e+00   -1.932546e-05   -1.704693e-05    2.278533e-06
   1.212000e+00   -1.651869e-05   -1.704693e-05    5.282418e-07
   1.212500e+00   -2.212351e-05   -1.811981e-05    4.003698e-06
   1.213000e+00   -2.303228e-05   -2.205372e-05    9.785581e-07
   1.213500e+00   -2.003940e-05   -2.336502e-05    3.325624e-06
   1.214000e+00   -2.202322e-05   -1.859665e-05    3.426574e-06
   1.214500e+00   -1.807346e-05   -2.396107e-05    5.887607e-06
   1.215000e+00   -1.999158e-05   -1.907349e-05    9.180894e-07
   1.215500e+00   -2.199549e-05   -2.372265e-05    1.727161e-06
   1.216000e+00   -2.045822e-05   -2.121925e-05    7.610324e-07
   1.216500e+00   -2.435329e-05   -2.110004e-05    3.253243e-06
   1.217000e+00   -2.164731e-05   -2.300739e-05    1.360078e-06
   1.217500e+00   -2.312666e-05   -2.217293e-05    9.537343e-07
   1.218000e+00   -2.585143e-05   -2.574921e-05    1.022272e-07
   1.218500e+00   -2.252964e-05   -2.372265e-05    1.193004e-06
   1.219000e+00   -2.142056e-05   -2.431870e-05    2.898136e-06
   1.219500e+00   -2.270420e-05   -2.634525e-05    3.641053e-06
   1.220000e+00   -2.548582e-05   -2.968311e-05    4.197289e-06
   1.220500e+00   -2.421686e-05   -2.455711e-05    3.402583e-07
   1.221000e+00   -2.610804e-05   -2.431870e-05    1.789344e-06
   1.221500e+00   -2.683694e-05   -2.384186e-05    2.995086e-06
   1.222000e+00   -2.760079e-05   -2.872944e-05    1.128645e-06
   1.222500e+00   -2.494869e-05   -2.765656e-05    2.707864e-06
   1.223000e+00   -2.815702e-05   -2.491474e-05    3.242279e-06
   1.223500e+00   -3.052637e-05   -2.825260e-05    2.273766e-06
   1.224000e+00   -3.020814e-05   -2.944469e-05    7.634499e-07
   1.224500e+00   -2.864364e-05   -2.992153e-05    1.277889e-06
   1.225000e+00   -3.314743e-05   -2.872944e-05    4.417991e-06
   1.225500e+00   -2.655745e-05   -3.135204e-05    4.794590e-06
   1.226000e+00   -2.988635e-05   -3.015995e-05    2.735960e-07
   1.226500e+00   -2.942673e-05   -3.218651e-05    2.759782e-06
   1.227000e+00   -3.092569e-05   -2.849102e-05    2.434666e-06
   1.227500e+00   -3.205848e-05   -3.206730e-05    8.814823e-09
   1.228000e+00   -3.336200e-05   -3.015995e-05    3.202047e-06
   1.228500e+00   -2.965663e-05   -3.373623e-05    4.079595e-06
   1.229000e+00   -3.388477e-05   -3.111362e-05    2.771143e-06
   1.229500e+00   -3.511696e-05   -3.349781e-05    1.619152e-06
   1.230000e+00   -3.532799e-05   -3.135204e-05    3.975947e-06
   1.230500e+00   -3.076318e-05   -3.588200e-05    5.118818e-06
   1.231000e+00   -3.535363e-05   -3.671646e-05    1.362831e-06
   1.231500e+00   -3.429928e-05   -3.647804e-05    2.178767e-06
   1.232000e+00   -3.580231e-05   -3.719330e-05    1.390992e-06
   1.232500e+00   -3.378824e-05   -3.457069e-05    7.824492e-07
   1.233000e+00   -3.582612e-05   -3.397465e-05    1.851477e-06
   1.233500e+00   -3.631140e-05   -3.719330e-05    8.819006e-07
   1.234000e+00   -3.673528e-05   -3.945827e-05    2.722994e-06
   1.234500e+00   -3.677434e-05   -3.969669e-05    2.922356e-06
   1.235000e+00   -4.251035e-05   -4.136562e-05    1.144726e-06
   1.235500e+00   -4.036845e-05   -4.100800e-05    6.395458e-07
   1.236000e+00   -3.926290e-05   -4.434586e-05    5.082959e-06
   1.236500e+00   -4.173886e-05   -4.136562e-05    3.732348e-07
   1.237000e+00   -4.308927e-05   -4.291534e-05    1.739209e-07
   1.237500e+00   -4.528286e-05   -4.172325e-05    3.559613e-06
   1.238000e+00   -4.232547e-05   -4.673004e-05    4.404574e-06
   1.238500e+00   -4.258263e-05   -4.613400e-05    3.551362e-06
   1.239000e+00   -4.307191e-05   -4.756451e-05    4.492595e-06
   1.239500e+00   -4.926889e-05   -4.327297e-05    5.995920e-06
   1.240000e+00   -4.898818e-05   -4.756451e-05    1.423676e-06
   1.240500e+00   -4.419914e-05   -4.732609e-05    3.126952e-06
   1.241000e+00   -4.754876e-05   -4.518032e-05    2.368441e-06
   1.241500e+00   -4.681141e-05   -5.197525e-05    5.163842e-06
   1.242000e+00   -5.128907e-05   -5.137920e-05    9.013820e-08
   1.242500e+00   -4.551782e-05   -4.935265e-05    3.834823e-06
   1.243000e+00   -5.108348e-05   -5.233288e-05    1.249402e-06
   1.243500e+00   -5.060756e-05   -5.137920e-05    7.716444e-07
   1.244000e+00   -4.892115e-05   -5.543232e-05    6.511174e-06
   1.244500e+00   -5.538603e-05   -5.209446e-05    3.291570e-06
   1.245000e+00   -5.147460e-05   -5.376339e-05    2.288787e-06
   1.245500e+00   -5.394803e-05   -5.340576e-05    5.422662e-07
   1.246000e+00   -5.473939e-05   -5.912781e-05    4.388421e-06
   1.246500e+00   -5.654264e-05   -5.447865e-05    2.063996e-06
   1.247000e+00   -5.846743e-05   -5.483627e-05    3.631158e-06
   1.247500e+00   -6.133819e-05   -5.912781e-05    2.210385e-06
   1.248000e+00   -5.369037e-05   -6.294250e-05    9.252137e-06
   1.248500e+00   -5.732187e-05   -5.698204e-05    3.398309e-07
   1.249000e+00   -6.211297e-05   -5.793571e-05    4.177258e-06
   1.249500e+00   -6.084545e-05   -6.139278e-05    5.473303e-07
   1.250000e+00   -6.103516e-05   -6.103516e-05    0.000000e+00
